128,
0,
176,
9,
96,
239,
185,
253,
16,
18,
159,
228,
105,
186,
173,
248,
192,
56,
194,
101,
79,
6,
148,
252,
25,
222,
106,
27,
93,
78,
168,
130,
112,
237,
232,
236,
114,
179,
21,
195,
255,
171,
182,
71,
68,
1,
172,
37,
201,
250,
142,
65,
26,
33,
203,
211,
13,
110,
254,
38,
88,
218,
50,
15,
32,
169,
157,
132,
152,
5,
156,
187,
34,
140,
99,
231,
197,
225,
115,
198,
175,
36,
91,
135,
102,
39,
247,
87,
244,
150,
177,
183,
92,
139,
213,
84,
121,
223,
170,
246,
62,
163,
241,
17,
202,
245,
209,
23,
123,
147,
131,
188,
189,
82,
30,
235,
174,
204,
214,
53,
8,
200,
138,
180,
226,
205,
191,
217,
208,
80,
89,
63,
77,
98,
52,
10,
72,
136,
181,
86,
76,
46,
107,
158,
210,
61,
60,
3,
19,
251,
151,
81,
117,
74,
145,
113,
35,
190,
118,
42,
95,
249,
212,
85,
11,
220,
55,
49,
22,
116,
215,
119,
167,
230,
7,
219,
164,
47,
70,
243,
97,
69,
103,
227,
12,
162,
59,
28,
133,
24,
4,
29,
41,
160,
143,
178,
90,
216,
166,
126,
238,
141,
83,
75,
161,
154,
193,
14,
122,
73,
165,
44,
129,
196,
199,
54,
43,
127,
67,
149,
51,
242,
108,
104,
109,
240,
2,
40,
206,
221,
155,
234,
94,
153,
124,
20,
134,
207,
229,
66,
184,
64,
120,
45,
58,
233,
100,
31,
146,
144,
125,
57,
111,
224,
137,
48
